#8192_4_40_3.1416_yesc_trotter_steps 
5 0.21244 0.00198 0.00000 0.00000 0.00000 0.00000 0.00000 0.00000 
6 0.36790 0.00100 0.00000 0.00000 0.00000 0.00000 0.00000 0.00000 
7 0.44017 0.00159 0.00000 0.00000 0.00000 0.00000 0.00000 0.00000 
8 0.45833 0.00095 0.00000 0.00000 0.00000 0.00000 0.00000 0.00000 
9 0.45590 0.00070 0.00000 0.00000 0.00000 0.00000 0.00000 0.00000 
10 0.44194 0.00166 0.00000 0.00000 0.00000 0.00000 0.00000 0.00000 
11 0.42280 0.00184 0.00000 0.00000 0.00000 0.00000 0.00000 0.00000 
12 0.40097 0.00131 0.00000 0.00000 0.00000 0.00000 0.00000 0.00000 
14 0.36398 0.00065 0.00000 0.00000 0.00000 0.00000 0.00000 0.00000 
16 0.32997 0.00118 0.00000 0.00000 0.00000 0.00000 0.00000 0.00000 
20 0.27262 0.00290 0.00000 0.00000 0.00000 0.00000 0.00000 0.00000 
25 0.22467 0.00166 0.00000 0.00000 0.00000 0.00000 0.00000 0.00000 
32 0.18098 0.00153 0.00000 0.00000 0.00000 0.00000 0.00000 0.00000 
51 0.12967 0.00120 0.00000 0.00000 0.00000 0.00000 0.00000 0.00000 
69 0.11718 0.00052 0.00000 0.00000 0.00000 0.00000 0.00000 0.00000 
99 0.11233 0.00219 0.00000 0.00000 0.00000 0.00000 0.00000 0.00000 
