#8192_1_40_41.0000_yesc_complete_evolution 
0.01000 0.80275 0.00000 0.00000 0.00000 0.00000 0.00000 0.00000 0.00000 
0.11799 0.76158 0.00000 0.00000 0.00000 0.00000 0.00000 0.00000 0.00000 
0.22597 0.76331 0.00000 0.00000 0.00000 0.00000 0.00000 0.00000 0.00000 
0.33396 0.52064 0.00000 0.00000 0.00000 0.00000 0.00000 0.00000 0.00000 
0.44194 0.38873 0.00000 0.00000 0.00000 0.00000 0.00000 0.00000 0.00000 
0.54993 0.28006 0.00000 0.00000 0.00000 0.00000 0.00000 0.00000 0.00000 
0.65792 0.21497 0.00000 0.00000 0.00000 0.00000 0.00000 0.00000 0.00000 
0.76590 0.19817 0.00000 0.00000 0.00000 0.00000 0.00000 0.00000 0.00000 
0.87389 0.20825 0.00000 0.00000 0.00000 0.00000 0.00000 0.00000 0.00000 
0.98187 0.21580 0.00000 0.00000 0.00000 0.00000 0.00000 0.00000 0.00000 
1.08986 0.21848 0.00000 0.00000 0.00000 0.00000 0.00000 0.00000 0.00000 
1.19785 0.20473 0.00000 0.00000 0.00000 0.00000 0.00000 0.00000 0.00000 
1.30583 0.16491 0.00000 0.00000 0.00000 0.00000 0.00000 0.00000 0.00000 
1.41382 0.13289 0.00000 0.00000 0.00000 0.00000 0.00000 0.00000 0.00000 
1.52180 0.10903 0.00000 0.00000 0.00000 0.00000 0.00000 0.00000 0.00000 
1.62979 0.11402 0.00000 0.00000 0.00000 0.00000 0.00000 0.00000 0.00000 
1.73778 0.13323 0.00000 0.00000 0.00000 0.00000 0.00000 0.00000 0.00000 
1.84576 0.16919 0.00000 0.00000 0.00000 0.00000 0.00000 0.00000 0.00000 
1.95375 0.20458 0.00000 0.00000 0.00000 0.00000 0.00000 0.00000 0.00000 
2.06173 0.22019 0.00000 0.00000 0.00000 0.00000 0.00000 0.00000 0.00000 
2.16972 0.22248 0.00000 0.00000 0.00000 0.00000 0.00000 0.00000 0.00000 
2.27771 0.20490 0.00000 0.00000 0.00000 0.00000 0.00000 0.00000 0.00000 
2.38569 0.19330 0.00000 0.00000 0.00000 0.00000 0.00000 0.00000 0.00000 
2.49368 0.22382 0.00000 0.00000 0.00000 0.00000 0.00000 0.00000 0.00000 
2.60166 0.28939 0.00000 0.00000 0.00000 0.00000 0.00000 0.00000 0.00000 
2.70965 0.39610 0.00000 0.00000 0.00000 0.00000 0.00000 0.00000 0.00000 
2.81763 0.53205 0.00000 0.00000 0.00000 0.00000 0.00000 0.00000 0.00000 
2.92562 0.66221 0.00000 0.00000 0.00000 0.00000 0.00000 0.00000 0.00000 
3.03361 0.76759 0.00000 0.00000 0.00000 0.00000 0.00000 0.00000 0.00000 
3.14159 0.80082 0.00000 0.00000 0.00000 0.00000 0.00000 0.00000 0.00000 
