#8192_4_40_3.1416_yesc_trotter_steps 
5 0.25547 0.00074 0.00000 0.00000 0.00000 0.00000 0.00000 0.00000 
6 0.56984 0.00120 0.00000 0.00000 0.00000 0.00000 0.00000 0.00000 
7 0.75654 0.00109 0.00000 0.00000 0.00000 0.00000 0.00000 0.00000 
8 0.85413 0.00086 0.00000 0.00000 0.00000 0.00000 0.00000 0.00000 
9 0.90825 0.00090 0.00000 0.00000 0.00000 0.00000 0.00000 0.00000 
10 0.93896 0.00085 0.00000 0.00000 0.00000 0.00000 0.00000 0.00000 
11 0.95845 0.00059 0.00000 0.00000 0.00000 0.00000 0.00000 0.00000 
12 0.96929 0.00098 0.00000 0.00000 0.00000 0.00000 0.00000 0.00000 
13 0.97668 0.00117 0.00000 0.00000 0.00000 0.00000 0.00000 0.00000 
14 0.98195 0.00050 0.00000 0.00000 0.00000 0.00000 0.00000 0.00000 
15 0.98522 0.00095 0.00000 0.00000 0.00000 0.00000 0.00000 0.00000 
16 0.98786 0.00070 0.00000 0.00000 0.00000 0.00000 0.00000 0.00000 
17 0.98951 0.00061 0.00000 0.00000 0.00000 0.00000 0.00000 0.00000 
18 0.99112 0.00074 0.00000 0.00000 0.00000 0.00000 0.00000 0.00000 
19 0.99247 0.00054 0.00000 0.00000 0.00000 0.00000 0.00000 0.00000 
20 0.99344 0.00045 0.00000 0.00000 0.00000 0.00000 0.00000 0.00000 
21 0.99403 0.00037 0.00000 0.00000 0.00000 0.00000 0.00000 0.00000 
22 0.99466 0.00067 0.00000 0.00000 0.00000 0.00000 0.00000 0.00000 
23 0.99372 0.00092 0.00000 0.00000 0.00000 0.00000 0.00000 0.00000 
24 0.99481 0.00063 0.00000 0.00000 0.00000 0.00000 0.00000 0.00000 
25 0.99549 0.00081 0.00000 0.00000 0.00000 0.00000 0.00000 0.00000 
26 0.99462 0.00060 0.00000 0.00000 0.00000 0.00000 0.00000 0.00000 
27 0.99586 0.00051 0.00000 0.00000 0.00000 0.00000 0.00000 0.00000 
28 0.99573 0.00043 0.00000 0.00000 0.00000 0.00000 0.00000 0.00000 
29 0.99517 0.00066 0.00000 0.00000 0.00000 0.00000 0.00000 0.00000 
30 0.99559 0.00043 0.00000 0.00000 0.00000 0.00000 0.00000 0.00000 
31 0.99593 0.00119 0.00000 0.00000 0.00000 0.00000 0.00000 0.00000 
32 0.99513 0.00075 0.00000 0.00000 0.00000 0.00000 0.00000 0.00000 
33 0.99578 0.00039 0.00000 0.00000 0.00000 0.00000 0.00000 0.00000 
34 0.99570 0.00057 0.00000 0.00000 0.00000 0.00000 0.00000 0.00000 
35 0.99587 0.00057 0.00000 0.00000 0.00000 0.00000 0.00000 0.00000 
36 0.99600 0.00089 0.00000 0.00000 0.00000 0.00000 0.00000 0.00000 
37 0.99591 0.00077 0.00000 0.00000 0.00000 0.00000 0.00000 0.00000 
38 0.99597 0.00083 0.00000 0.00000 0.00000 0.00000 0.00000 0.00000 
39 0.99616 0.00040 0.00000 0.00000 0.00000 0.00000 0.00000 0.00000 
