#8192_1_40_3.1416_yesc_column_evolution 
5 0.21756 0.00000 0.22750 0.00000 0.24530 0.00000 0.24829 0.00000 
6 0.48849 0.00000 0.51195 0.00000 0.55335 0.00000 0.56147 0.00000 
7 0.64246 0.00000 0.67680 0.00000 0.73182 0.00000 0.74390 0.00000 
8 0.72811 0.00000 0.76655 0.00000 0.83090 0.00000 0.84367 0.00000 
9 0.77143 0.00000 0.81373 0.00000 0.88352 0.00000 0.89647 0.00000 
10 0.79840 0.00000 0.84061 0.00000 0.91004 0.00000 0.92415 0.00000 
12 0.82206 0.00000 0.86737 0.00000 0.94043 0.00000 0.95550 0.00000 
14 0.83257 0.00000 0.87915 0.00000 0.95533 0.00000 0.96857 0.00000 
16 0.83866 0.00000 0.88615 0.00000 0.95999 0.00000 0.97203 0.00000 
20 0.84456 0.00000 0.89037 0.00000 0.96728 0.00000 0.97574 0.00000 
25 0.84373 0.00000 0.89148 0.00000 0.96810 0.00000 0.97568 0.00000 
30 0.84482 0.00000 0.89318 0.00000 0.96756 0.00000 0.97516 0.00000 
40 0.84506 0.00000 0.89161 0.00000 0.96809 0.00000 0.97607 0.00000 
50 0.84606 0.00000 0.89212 0.00000 0.96794 0.00000 0.97478 0.00000 
70 0.84378 0.00000 0.89020 0.00000 0.96796 0.00000 0.97476 0.00000 
90 0.84705 0.00000 0.89331 0.00000 0.97017 0.00000 0.97902 0.00000 
