#8192_1_40_3.1416_yesc_column_evolution 
5 0.21995 0.00000 0.22824 0.00000 0.24579 0.00000 0.24652 0.00000 
6 0.48802 0.00000 0.51280 0.00000 0.55554 0.00000 0.55907 0.00000 
7 0.64354 0.00000 0.67642 0.00000 0.73371 0.00000 0.73881 0.00000 
8 0.72621 0.00000 0.76505 0.00000 0.83052 0.00000 0.83660 0.00000 
9 0.77123 0.00000 0.81144 0.00000 0.87990 0.00000 0.88699 0.00000 
10 0.79710 0.00000 0.84229 0.00000 0.91544 0.00000 0.92229 0.00000 
12 0.82187 0.00000 0.86915 0.00000 0.94489 0.00000 0.95170 0.00000 
14 0.83145 0.00000 0.87733 0.00000 0.95347 0.00000 0.96161 0.00000 
16 0.83739 0.00000 0.88296 0.00000 0.96289 0.00000 0.96836 0.00000 
20 0.84326 0.00000 0.88939 0.00000 0.96630 0.00000 0.97197 0.00000 
25 0.84435 0.00000 0.89158 0.00000 0.97044 0.00000 0.97284 0.00000 
30 0.84738 0.00000 0.89385 0.00000 0.97339 0.00000 0.97514 0.00000 
40 0.84802 0.00000 0.89466 0.00000 0.97273 0.00000 0.97431 0.00000 
50 0.84370 0.00000 0.89063 0.00000 0.96750 0.00000 0.97063 0.00000 
70 0.84570 0.00000 0.89087 0.00000 0.96865 0.00000 0.97227 0.00000 
90 0.84654 0.00000 0.89255 0.00000 0.97022 0.00000 0.97172 0.00000 
