#8192_1_40_3.1416_yesc_trotter_steps 
5 0.21168 0.00000 0.00000 0.00000 0.00000 0.00000 0.00000 0.00000 
6 0.36638 0.00000 0.00000 0.00000 0.00000 0.00000 0.00000 0.00000 
7 0.44221 0.00000 0.00000 0.00000 0.00000 0.00000 0.00000 0.00000 
8 0.46336 0.00000 0.00000 0.00000 0.00000 0.00000 0.00000 0.00000 
9 0.45693 0.00000 0.00000 0.00000 0.00000 0.00000 0.00000 0.00000 
10 0.43888 0.00000 0.00000 0.00000 0.00000 0.00000 0.00000 0.00000 
11 0.42423 0.00000 0.00000 0.00000 0.00000 0.00000 0.00000 0.00000 
12 0.40283 0.00000 0.00000 0.00000 0.00000 0.00000 0.00000 0.00000 
14 0.36183 0.00000 0.00000 0.00000 0.00000 0.00000 0.00000 0.00000 
16 0.33177 0.00000 0.00000 0.00000 0.00000 0.00000 0.00000 0.00000 
20 0.27427 0.00000 0.00000 0.00000 0.00000 0.00000 0.00000 0.00000 
25 0.22353 0.00000 0.00000 0.00000 0.00000 0.00000 0.00000 0.00000 
32 0.17810 0.00000 0.00000 0.00000 0.00000 0.00000 0.00000 0.00000 
51 0.13151 0.00000 0.00000 0.00000 0.00000 0.00000 0.00000 0.00000 
69 0.11903 0.00000 0.00000 0.00000 0.00000 0.00000 0.00000 0.00000 
99 0.11260 0.00000 0.00000 0.00000 0.00000 0.00000 0.00000 0.00000 
