#8192_2_40_101.0000_yesc_column_evolution 
0.01000 0.73255 0.04031 0.84398 0.00566 0.93898 0.00542 0.95390 0.00522 
0.23369 0.60380 0.03448 0.69621 0.00417 0.77562 0.00455 0.78734 0.00281 
0.45737 0.34195 0.00357 0.39281 0.00399 0.43365 0.00467 0.44161 0.00367 
0.68106 0.20523 0.00267 0.23094 0.00013 0.24930 0.00069 0.25655 0.00006 
0.90474 0.20759 0.00809 0.22932 0.00710 0.24226 0.00829 0.25276 0.00712 
1.12843 0.19657 0.00485 0.21397 0.00224 0.22384 0.00244 0.23400 0.00217 
1.35211 0.14906 0.00049 0.15929 0.00228 0.16834 0.00366 0.17331 0.00423 
1.57580 0.10597 0.00048 0.11388 0.00121 0.12119 0.00117 0.12383 0.00072 
1.79948 0.15246 0.00509 0.16341 0.00433 0.17263 0.00413 0.17813 0.00399 
2.02317 0.20542 0.00524 0.22336 0.00663 0.23484 0.00681 0.24423 0.00693 
2.24685 0.20743 0.00389 0.22297 0.00214 0.23457 0.00151 0.24362 0.00216 
2.47054 0.21351 0.00757 0.22985 0.00673 0.24831 0.00550 0.25413 0.00599 
2.69422 0.37554 0.00796 0.40782 0.00524 0.45010 0.00520 0.45602 0.00560 
2.91791 0.64135 0.00708 0.71885 0.00074 0.79824 0.00099 0.81039 0.00238 
3.14159 0.70688 0.02171 0.83753 0.00861 0.93233 0.00930 0.94697 0.01008 
