#8192_3_40_101.0000_yesc_column_evolution 
0.01000 0.80944 0.00095 0.86787 0.00079 0.93923 0.00088 0.96182 0.00069 
0.17482 0.71755 0.00103 0.76617 0.00169 0.82894 0.00234 0.85165 0.00273 
0.33964 0.51478 0.00127 0.54689 0.00214 0.58970 0.00148 0.60901 0.00148 
0.50446 0.31689 0.00069 0.33670 0.00117 0.35878 0.00066 0.37138 0.00029 
0.66928 0.20542 0.00204 0.21722 0.00211 0.22868 0.00218 0.23649 0.00214 
0.83410 0.18972 0.00065 0.20356 0.00091 0.21185 0.00121 0.21744 0.00161 
0.99892 0.21059 0.00108 0.22530 0.00115 0.23263 0.00126 0.23719 0.00160 
1.16374 0.19973 0.00144 0.21373 0.00103 0.22113 0.00122 0.22705 0.00200 
1.32857 0.15077 0.00109 0.15927 0.00099 0.16459 0.00155 0.16875 0.00089 
1.49339 0.10391 0.00139 0.11000 0.00199 0.11369 0.00133 0.11766 0.00082 
1.65821 0.10719 0.00068 0.11279 0.00133 0.11694 0.00080 0.12079 0.00206 
1.82303 0.15225 0.00139 0.16193 0.00204 0.16807 0.00220 0.17149 0.00225 
1.98785 0.20102 0.00117 0.21558 0.00072 0.22198 0.00122 0.22731 0.00071 
2.15267 0.20833 0.00034 0.22429 0.00088 0.23150 0.00199 0.23565 0.00209 
2.31749 0.18834 0.00102 0.20218 0.00089 0.20973 0.00043 0.21525 0.00110 
2.48231 0.20887 0.00028 0.22218 0.00057 0.23329 0.00042 0.24256 0.00048 
2.64713 0.32580 0.00113 0.34611 0.00048 0.36939 0.00008 0.38306 0.00054 
2.81195 0.52689 0.00088 0.56051 0.00097 0.60458 0.00091 0.62335 0.00183 
2.97677 0.72699 0.00067 0.77651 0.00049 0.84076 0.00020 0.86355 0.00059 
3.14159 0.80929 0.00017 0.86542 0.00069 0.93764 0.00049 0.96088 0.00059 
