#32000_8_40_42.0000_yesc_column_evolution 
0.01000 0.77061 0.00090 0.85959 0.00070 0.96518 0.00095 0.99415 0.00060 
0.17482 0.66695 0.00074 0.77876 0.00098 0.88148 0.00115 0.91229 0.00116 
0.33964 0.50643 0.00052 0.57960 0.00076 0.66339 0.00041 0.67779 0.00100 
0.50446 0.33369 0.00070 0.36917 0.00132 0.42727 0.00099 0.42500 0.00064 
0.66928 0.22321 0.00093 0.24317 0.00063 0.28341 0.00076 0.27517 0.00107 
0.83410 0.14104 0.00051 0.16549 0.00066 0.19527 0.00098 0.18744 0.00113 
0.99892 0.11381 0.00041 0.14549 0.00103 0.17356 0.00118 0.16456 0.00091 
1.16374 0.11508 0.00064 0.15104 0.00039 0.17902 0.00078 0.17038 0.00054 
1.32857 0.08390 0.00052 0.10902 0.00098 0.12672 0.00092 0.11407 0.00080 
1.49339 0.09029 0.00047 0.10563 0.00060 0.12128 0.00082 0.11039 0.00114 
1.65821 0.08801 0.00055 0.10461 0.00080 0.12109 0.00064 0.11020 0.00069 
1.82303 0.09768 0.00080 0.12770 0.00153 0.15133 0.00157 0.14194 0.00146 
1.98785 0.13091 0.00079 0.16977 0.00126 0.20176 0.00121 0.19572 0.00119 
2.15267 0.13307 0.00050 0.16683 0.00105 0.19909 0.00109 0.19244 0.00094 
2.31749 0.21359 0.00076 0.22566 0.00081 0.26717 0.00094 0.25996 0.00081 
2.48231 0.23024 0.00057 0.24851 0.00078 0.29001 0.00064 0.28190 0.00091 
2.64713 0.33644 0.00111 0.36006 0.00088 0.41527 0.00092 0.41304 0.00088 
2.81195 0.50674 0.00089 0.56884 0.00117 0.64777 0.00120 0.66170 0.00124 
2.97677 0.70168 0.00072 0.76945 0.00118 0.86535 0.00077 0.89962 0.00014 
3.14159 0.50994 0.00095 0.60942 0.00121 0.68341 0.00122 0.70244 0.00120 
