#8192_1_20_3.1416_yesc_column_evolution 
6 0.56973 0.00000 0.56973 0.00000 0.56973 0.00000 0.56973 0.00000 
8 0.85525 0.00000 0.85525 0.00000 0.85525 0.00000 0.85525 0.00000 
10 0.93957 0.00000 0.93957 0.00000 0.93957 0.00000 0.93957 0.00000 
12 0.97222 0.00000 0.97222 0.00000 0.97222 0.00000 0.97222 0.00000 
16 0.98969 0.00000 0.98969 0.00000 0.98969 0.00000 0.98969 0.00000 
21 0.99441 0.00000 0.99441 0.00000 0.99441 0.00000 0.99441 0.00000 
25 0.99466 0.00000 0.99466 0.00000 0.99466 0.00000 0.99466 0.00000 
32 0.99565 0.00000 0.99565 0.00000 0.99565 0.00000 0.99565 0.00000 
69 0.99678 0.00000 0.99678 0.00000 0.99678 0.00000 0.99678 0.00000 
99 0.99488 0.00000 0.99488 0.00000 0.99488 0.00000 0.99488 0.00000 
