#8192_1_20_77.0000_yesc_column_evolution 
0 0.87235 0.00000 0.91865 0.00000 0.98249 0.00000 0.98455 0.00000 
0 0.86650 0.00000 0.91170 0.00000 0.97530 0.00000 0.97641 0.00000 
0 0.85384 0.00000 0.89944 0.00000 0.96296 0.00000 0.96495 0.00000 
0 0.83763 0.00000 0.87931 0.00000 0.94122 0.00000 0.94297 0.00000 
0 0.81398 0.00000 0.85456 0.00000 0.91450 0.00000 0.91580 0.00000 
0 0.78239 0.00000 0.82236 0.00000 0.88015 0.00000 0.88220 0.00000 
0 0.74849 0.00000 0.78601 0.00000 0.84127 0.00000 0.84245 0.00000 
0 0.70625 0.00000 0.74201 0.00000 0.79509 0.00000 0.79603 0.00000 
0 0.66431 0.00000 0.69751 0.00000 0.74685 0.00000 0.74792 0.00000 
0 0.61850 0.00000 0.64896 0.00000 0.69426 0.00000 0.69498 0.00000 
0 0.57308 0.00000 0.60218 0.00000 0.64395 0.00000 0.64420 0.00000 
0 0.52946 0.00000 0.55381 0.00000 0.59326 0.00000 0.59365 0.00000 
0 0.48350 0.00000 0.50699 0.00000 0.54214 0.00000 0.54233 0.00000 
0 0.43807 0.00000 0.46079 0.00000 0.49327 0.00000 0.49331 0.00000 
0 0.39926 0.00000 0.41800 0.00000 0.44740 0.00000 0.44704 0.00000 
0 0.36386 0.00000 0.38018 0.00000 0.40580 0.00000 0.40557 0.00000 
0 0.32790 0.00000 0.34494 0.00000 0.36630 0.00000 0.36588 0.00000 
0 0.29423 0.00000 0.31019 0.00000 0.33034 0.00000 0.32997 0.00000 
0 0.27225 0.00000 0.28616 0.00000 0.30345 0.00000 0.30334 0.00000 
0 0.25113 0.00000 0.26287 0.00000 0.27827 0.00000 0.27775 0.00000 
0 0.23275 0.00000 0.24139 0.00000 0.25673 0.00000 0.25619 0.00000 
0 0.21861 0.00000 0.22888 0.00000 0.24254 0.00000 0.24214 0.00000 
0 0.21012 0.00000 0.22153 0.00000 0.23353 0.00000 0.23330 0.00000 
0 0.20118 0.00000 0.21129 0.00000 0.22376 0.00000 0.22348 0.00000 
0 0.19990 0.00000 0.20951 0.00000 0.22071 0.00000 0.21995 0.00000 
0 0.20150 0.00000 0.21012 0.00000 0.22186 0.00000 0.22158 0.00000 
0 0.20242 0.00000 0.21368 0.00000 0.22508 0.00000 0.22474 0.00000 
0 0.20519 0.00000 0.21493 0.00000 0.22498 0.00000 0.22483 0.00000 
0 0.20821 0.00000 0.21868 0.00000 0.22987 0.00000 0.22961 0.00000 
0 0.21480 0.00000 0.22638 0.00000 0.23890 0.00000 0.23819 0.00000 
0 0.21658 0.00000 0.22709 0.00000 0.23982 0.00000 0.23953 0.00000 
0 0.21990 0.00000 0.23201 0.00000 0.24509 0.00000 0.24479 0.00000 
1 0.22441 0.00000 0.23576 0.00000 0.24802 0.00000 0.24772 0.00000 
1 0.22611 0.00000 0.23767 0.00000 0.25035 0.00000 0.24977 0.00000 
1 0.22123 0.00000 0.23328 0.00000 0.24490 0.00000 0.24421 0.00000 
1 0.21855 0.00000 0.23032 0.00000 0.24144 0.00000 0.24117 0.00000 
1 0.21730 0.00000 0.22862 0.00000 0.23940 0.00000 0.23837 0.00000 
1 0.20613 0.00000 0.21544 0.00000 0.22666 0.00000 0.22603 0.00000 
1 0.20104 0.00000 0.21063 0.00000 0.22131 0.00000 0.22042 0.00000 
1 0.19071 0.00000 0.20036 0.00000 0.21075 0.00000 0.21021 0.00000 
1 0.17824 0.00000 0.18691 0.00000 0.19653 0.00000 0.19555 0.00000 
1 0.16938 0.00000 0.17718 0.00000 0.18694 0.00000 0.18638 0.00000 
1 0.15509 0.00000 0.16148 0.00000 0.17094 0.00000 0.16986 0.00000 
1 0.14297 0.00000 0.15072 0.00000 0.15932 0.00000 0.15921 0.00000 
1 0.13461 0.00000 0.14073 0.00000 0.14935 0.00000 0.14872 0.00000 
1 0.12518 0.00000 0.13180 0.00000 0.13859 0.00000 0.13775 0.00000 
1 0.11636 0.00000 0.12158 0.00000 0.12748 0.00000 0.12729 0.00000 
1 0.10912 0.00000 0.11329 0.00000 0.11837 0.00000 0.11769 0.00000 
1 0.10808 0.00000 0.11170 0.00000 0.11536 0.00000 0.11486 0.00000 
1 0.10368 0.00000 0.10793 0.00000 0.11279 0.00000 0.11231 0.00000 
1 0.10625 0.00000 0.11115 0.00000 0.11641 0.00000 0.11575 0.00000 
1 0.10626 0.00000 0.11086 0.00000 0.11652 0.00000 0.11565 0.00000 
1 0.11215 0.00000 0.11742 0.00000 0.12387 0.00000 0.12310 0.00000 
1 0.11642 0.00000 0.12153 0.00000 0.12769 0.00000 0.12713 0.00000 
1 0.12554 0.00000 0.13202 0.00000 0.13863 0.00000 0.13823 0.00000 
1 0.13595 0.00000 0.14315 0.00000 0.15034 0.00000 0.14973 0.00000 
1 0.14734 0.00000 0.15490 0.00000 0.16397 0.00000 0.16313 0.00000 
1 0.15885 0.00000 0.16602 0.00000 0.17553 0.00000 0.17506 0.00000 
1 0.17125 0.00000 0.17974 0.00000 0.18763 0.00000 0.18705 0.00000 
1 0.18069 0.00000 0.19075 0.00000 0.20219 0.00000 0.20150 0.00000 
1 0.19445 0.00000 0.20504 0.00000 0.21554 0.00000 0.21500 0.00000 
1 0.20313 0.00000 0.21274 0.00000 0.22226 0.00000 0.22160 0.00000 
1 0.21097 0.00000 0.22239 0.00000 0.23368 0.00000 0.23338 0.00000 
2 0.21502 0.00000 0.22578 0.00000 0.23721 0.00000 0.23724 0.00000 
2 0.21914 0.00000 0.22977 0.00000 0.24192 0.00000 0.24129 0.00000 
2 0.22544 0.00000 0.23689 0.00000 0.25011 0.00000 0.24889 0.00000 
2 0.22651 0.00000 0.23759 0.00000 0.24973 0.00000 0.24928 0.00000 
2 0.22395 0.00000 0.23592 0.00000 0.24735 0.00000 0.24671 0.00000 
2 0.22060 0.00000 0.23309 0.00000 0.24527 0.00000 0.24430 0.00000 
2 0.21662 0.00000 0.22973 0.00000 0.24084 0.00000 0.24015 0.00000 
2 0.21542 0.00000 0.22793 0.00000 0.24107 0.00000 0.24063 0.00000 
2 0.20746 0.00000 0.21747 0.00000 0.22958 0.00000 0.22862 0.00000 
2 0.20424 0.00000 0.21480 0.00000 0.22502 0.00000 0.22464 0.00000 
2 0.20121 0.00000 0.21253 0.00000 0.22248 0.00000 0.22203 0.00000 
2 0.20112 0.00000 0.21070 0.00000 0.22178 0.00000 0.22185 0.00000 
2 0.20331 0.00000 0.21350 0.00000 0.22226 0.00000 0.22236 0.00000 
2 0.20345 0.00000 0.21385 0.00000 0.22622 0.00000 0.22550 0.00000 
2 0.21192 0.00000 0.22175 0.00000 0.23384 0.00000 0.23377 0.00000 
2 0.22182 0.00000 0.23235 0.00000 0.24573 0.00000 0.24537 0.00000 
2 0.23575 0.00000 0.24751 0.00000 0.26308 0.00000 0.26281 0.00000 
2 0.25555 0.00000 0.26774 0.00000 0.28291 0.00000 0.28245 0.00000 
2 0.27917 0.00000 0.29385 0.00000 0.31261 0.00000 0.31219 0.00000 
2 0.30610 0.00000 0.31972 0.00000 0.34021 0.00000 0.33963 0.00000 
2 0.34219 0.00000 0.35838 0.00000 0.38113 0.00000 0.38093 0.00000 
2 0.37427 0.00000 0.39121 0.00000 0.41717 0.00000 0.41678 0.00000 
2 0.41174 0.00000 0.43182 0.00000 0.46046 0.00000 0.46027 0.00000 
2 0.45239 0.00000 0.47345 0.00000 0.50683 0.00000 0.50645 0.00000 
2 0.49649 0.00000 0.52034 0.00000 0.55815 0.00000 0.55835 0.00000 
2 0.54385 0.00000 0.57108 0.00000 0.61129 0.00000 0.61144 0.00000 
2 0.58564 0.00000 0.61511 0.00000 0.65884 0.00000 0.65980 0.00000 
2 0.62876 0.00000 0.66102 0.00000 0.70902 0.00000 0.70931 0.00000 
2 0.68033 0.00000 0.71278 0.00000 0.76322 0.00000 0.76368 0.00000 
2 0.71883 0.00000 0.75479 0.00000 0.80883 0.00000 0.80949 0.00000 
2 0.75563 0.00000 0.79428 0.00000 0.85130 0.00000 0.85208 0.00000 
2 0.79147 0.00000 0.83105 0.00000 0.88998 0.00000 0.89227 0.00000 
3 0.81845 0.00000 0.86223 0.00000 0.92335 0.00000 0.92445 0.00000 
3 0.84030 0.00000 0.88405 0.00000 0.94642 0.00000 0.94830 0.00000 
3 0.85986 0.00000 0.90429 0.00000 0.96663 0.00000 0.96835 0.00000 
3 0.87133 0.00000 0.91676 0.00000 0.97942 0.00000 0.98150 0.00000 
3 0.87358 0.00000 0.92012 0.00000 0.98557 0.00000 0.98787 0.00000 
