#8192_2_20_3.1416_yesc_column_evolution 
6 0.47046 0.00110 0.50004 0.00015 0.53695 0.00074 0.55249 0.00044 
8 0.69870 0.00080 0.74794 0.00158 0.80773 0.00141 0.82787 0.00181 
10 0.76774 0.00041 0.82012 0.00090 0.88854 0.00178 0.90883 0.00201 
12 0.79319 0.00218 0.84738 0.00197 0.92008 0.00139 0.94301 0.00185 
16 0.80854 0.00094 0.86314 0.00003 0.93685 0.00124 0.96024 0.00084 
21 0.80979 0.00088 0.86570 0.00010 0.94034 0.00000 0.96001 0.00118 
25 0.81098 0.00184 0.86696 0.00212 0.94108 0.00257 0.95926 0.00321 
32 0.81377 0.00013 0.86900 0.00088 0.94363 0.00071 0.96206 0.00054 
69 0.81328 0.00028 0.86889 0.00073 0.94322 0.00078 0.96250 0.00072 
99 0.81396 0.00190 0.86941 0.00135 0.94424 0.00196 0.96185 0.00164 
