#8192_3_40_101.0000_yesc_column_evolution 
0.01000 0.80977 0.00107 0.86662 0.00064 0.93980 0.00085 0.96032 0.00099 
0.17482 0.71761 0.00044 0.76549 0.00088 0.83078 0.00149 0.85102 0.00225 
0.33964 0.51686 0.00225 0.54845 0.00175 0.59274 0.00154 0.61012 0.00112 
0.50446 0.31586 0.00255 0.33539 0.00294 0.35815 0.00256 0.37048 0.00204 
0.66928 0.20513 0.00217 0.21793 0.00137 0.22901 0.00191 0.23549 0.00135 
0.83410 0.18940 0.00230 0.20200 0.00256 0.20943 0.00284 0.21444 0.00202 
0.99892 0.20924 0.00103 0.22497 0.00090 0.23143 0.00099 0.23614 0.00177 
1.16374 0.20044 0.00084 0.21497 0.00163 0.22092 0.00166 0.22656 0.00213 
1.32857 0.15114 0.00149 0.16050 0.00060 0.16612 0.00062 0.17003 0.00074 
1.49339 0.10384 0.00028 0.10905 0.00031 0.11297 0.00021 0.11537 0.00065 
1.65821 0.10625 0.00053 0.11109 0.00130 0.11520 0.00125 0.11978 0.00155 
1.82303 0.15403 0.00089 0.16313 0.00094 0.16822 0.00152 0.17230 0.00119 
1.98785 0.20099 0.00338 0.21622 0.00359 0.22213 0.00354 0.22755 0.00367 
2.15267 0.20849 0.00173 0.22432 0.00244 0.22999 0.00275 0.23453 0.00261 
2.31749 0.19224 0.00067 0.20465 0.00079 0.21108 0.00109 0.21538 0.00078 
2.48231 0.20878 0.00093 0.22162 0.00074 0.23311 0.00047 0.24035 0.00114 
2.64713 0.32643 0.00141 0.34622 0.00107 0.36937 0.00100 0.38168 0.00136 
2.81195 0.52811 0.00217 0.56209 0.00173 0.60812 0.00103 0.62548 0.00139 
2.97677 0.72816 0.00240 0.77726 0.00242 0.84360 0.00270 0.86389 0.00284 
3.14159 0.81247 0.00257 0.86804 0.00240 0.94151 0.00171 0.96173 0.00073 
