#8192_3_40_101.0000_yesc_column_evolution 
0.01000 0.81027 0.00156 0.86834 0.00197 0.94030 0.00217 0.95920 0.00213 
0.17482 0.71786 0.00116 0.76707 0.00125 0.83135 0.00080 0.84980 0.00122 
0.33964 0.51559 0.00170 0.54797 0.00092 0.59155 0.00157 0.60781 0.00167 
0.50446 0.31623 0.00213 0.33581 0.00187 0.35932 0.00168 0.36960 0.00162 
0.66928 0.20444 0.00233 0.21732 0.00242 0.22861 0.00299 0.23622 0.00346 
0.83410 0.19187 0.00074 0.20382 0.00029 0.21080 0.00069 0.21755 0.00039 
0.99892 0.20828 0.00071 0.22507 0.00059 0.23175 0.00078 0.23829 0.00004 
1.16374 0.19973 0.00202 0.21440 0.00232 0.22113 0.00254 0.22756 0.00188 
1.32857 0.15129 0.00123 0.16045 0.00121 0.16564 0.00173 0.17005 0.00087 
1.49339 0.10307 0.00158 0.10845 0.00190 0.11188 0.00182 0.11599 0.00209 
1.65821 0.10542 0.00063 0.11259 0.00068 0.11614 0.00051 0.12094 0.00107 
1.82303 0.15455 0.00053 0.16390 0.00067 0.16907 0.00101 0.17450 0.00083 
1.98785 0.20215 0.00180 0.21683 0.00196 0.22316 0.00172 0.22940 0.00235 
2.15267 0.20775 0.00105 0.22305 0.00101 0.22957 0.00133 0.23552 0.00097 
2.31749 0.18714 0.00218 0.20021 0.00153 0.20730 0.00093 0.21348 0.00122 
2.48231 0.20971 0.00148 0.22204 0.00115 0.23317 0.00102 0.24065 0.00102 
2.64713 0.32618 0.00011 0.34693 0.00042 0.37054 0.00052 0.38150 0.00055 
2.81195 0.52734 0.00263 0.56075 0.00279 0.60601 0.00300 0.62249 0.00286 
2.97677 0.72580 0.00173 0.77493 0.00174 0.83966 0.00189 0.85856 0.00179 
3.14159 0.81310 0.00099 0.86889 0.00143 0.94100 0.00208 0.96108 0.00215 
